0 0.495660 0.169978 0.914931 0.053125
1 0.807540 0.249746 0.302083 0.091406
1 0.499411 0.249474 0.301056 0.091406
1 0.190931 0.250223 0.300347 0.090625
2 0.103894 0.310284 0.126736 0.016406
3 0.222817 0.310284 0.083333 0.016406
0 0.480010 0.375614 0.881944 0.052421
1 0.500419 0.527097 0.919108 0.232031
2 0.148028 0.658626 0.217014 0.015625
5 0.339768 0.658751 0.131944 0.015926
0 0.456187 0.723860 0.833333 0.051562
1 0.809486 0.804329 0.302083 0.090625
1 0.500458 0.804329 0.302083 0.090625
1 0.192298 0.804329 0.302083 0.091406
2 0.110550 0.865555 0.142361 0.015625
3 0.257252 0.864774 0.119792 0.015625
6 0.497396 0.233984 0.984375 0.189844
9 0.507812 0.506641 0.973958 0.339844
6 0.502604 0.785937 0.980903 0.203125