0 0.494502 0.171788 0.914931 0.053125
1 0.501350 0.251432 0.302083 0.089844
1 0.808642 0.251042 0.302083 0.089063
1 0.191840 0.251866 0.300347 0.089844
1 0.808353 0.395747 0.303819 0.090625
0 0.332079 0.391970 0.585069 0.082031
2 0.132506 0.311395 0.187500 0.017188
3 0.283547 0.311786 0.086806 0.017969
2 0.118380 0.456637 0.157986 0.017188
3 0.263345 0.456637 0.100694 0.015625
0 0.395193 0.508677 0.717014 0.024219
1 0.501096 0.644223 0.914931 0.232031
2 0.117632 0.776385 0.159722 0.015625
5 0.280827 0.776776 0.138889 0.016406
6 0.507812 0.233984 0.987847 0.191406
6 0.505208 0.407813 0.975694 0.140625
8 0.503472 0.642188 0.979167 0.312500