0 0.442861 0.165801 0.809028 0.024219
0 0.348367 0.213680 0.621528 0.024219
0 0.350550 0.261053 0.620460 0.024219
0 0.489116 0.440020 0.904514 0.053906
0 0.301616 0.356035 0.522569 0.025000
0 0.371928 0.308379 0.666667 0.023438
5 0.066774 0.187856 0.055556 0.013281
5 0.067642 0.235122 0.053819 0.014063
2 0.186498 0.187766 0.154514 0.014063
2 0.160390 0.235302 0.104167 0.014063
2 0.116587 0.283559 0.156250 0.014063
2 0.116720 0.330915 0.156250 0.014063
2 0.091480 0.377730 0.104167 0.014063
3 0.325521 0.187796 0.095486 0.013281
3 0.284188 0.235422 0.107639 0.014063
3 0.263288 0.282988 0.109375 0.013281
3 0.200991 0.378154 0.083692 0.014062
1 0.809095 0.519770 0.302083 0.090625
1 0.499199 0.519770 0.300347 0.089844
1 0.192775 0.519770 0.302083 0.089844
2 0.087740 0.580551 0.095486 0.016406
3 0.201456 0.580161 0.100694 0.015625
0 0.491131 0.646245 0.907986 0.053125
1 0.808635 0.726117 0.300347 0.090625
1 0.500373 0.726163 0.302083 0.090625
1 0.191141 0.726071 0.302083 0.090625
2 0.133725 0.786711 0.189236 0.017188
3 0.310809 0.786320 0.137153 0.016406
6 0.500868 0.170313 0.984375 0.048438
6 0.502604 0.223047 0.980903 0.041406
6 0.501736 0.271094 0.979167 0.039062
6 0.503472 0.317969 0.986111 0.039062
6 0.503472 0.367969 0.986111 0.045312
6 0.501736 0.499609 0.979167 0.202344
6 0.501736 0.708594 0.982639 0.200000