1 0.392669 0.787850 0.106899 0.108511
1 0.500248 0.787935 0.107145 0.108439
1 0.608305 0.787663 0.106505 0.108553
1 0.392443 0.566620 0.106899 0.108553
1 0.500456 0.566964 0.106899 0.108553
1 0.608276 0.566878 0.106899 0.108553
4 0.435914 0.857352 0.028079 0.017105
3 0.391331 0.857023 0.041380 0.016447
2 0.350690 0.856694 0.021183 0.017105
2 0.368981 0.635184 0.056651 0.017105
3 0.430805 0.636500 0.048277 0.017105
4 0.478065 0.636357 0.028079 0.017105
0 0.496253 0.704800 0.310352 0.047368
0 0.496438 0.484311 0.312322 0.048684
0 0.425641 0.393193 0.168477 0.023026
0 0.404787 0.338843 0.126111 0.022368
0 0.467049 0.285444 0.253700 0.021711
0 0.474027 0.231058 0.263060 0.023026
0 0.474137 0.177367 0.264045 0.022368
5 0.351724 0.201930 0.021183 0.016447
5 0.351477 0.255878 0.021675 0.016447
5 0.351231 0.309825 0.021183 0.016447
2 0.406651 0.201272 0.068967 0.016447
2 0.388178 0.254891 0.033991 0.015789
2 0.394160 0.309621 0.045814 0.017105
2 0.357213 0.362582 0.033991 0.016447
2 0.357213 0.416858 0.033991 0.017105
3 0.403766 0.418174 0.041380 0.017105
3 0.402041 0.363569 0.038917 0.017105
3 0.450365 0.309794 0.048770 0.016447
3 0.432713 0.256363 0.037439 0.017105
3 0.468182 0.202087 0.036454 0.017763
6 0.502013 0.185526 0.349269 0.053947
6 0.501766 0.242763 0.349761 0.047368
6 0.502013 0.295724 0.348283 0.045395
6 0.501274 0.349342 0.348776 0.048684
6 0.501274 0.409868 0.347791 0.059211
6 0.501766 0.552961 0.349761 0.213816
6 0.501766 0.773684 0.348776 0.214474
