0 0.496875 0.192738 0.304219 0.053125
0 0.495871 0.418631 0.300469 0.051875
1 0.500089 0.566533 0.308906 0.231250
1 0.602411 0.276354 0.102187 0.103750
1 0.499487 0.277068 0.101719 0.103125
1 0.396562 0.276890 0.102187 0.103750
2 0.368709 0.342661 0.045469 0.015625
3 0.413154 0.343598 0.029063 0.016250
4 0.449075 0.343236 0.029063 0.016250
4 0.472253 0.697841 0.040781 0.016250
3 0.427759 0.697809 0.035625 0.016250
2 0.374260 0.697792 0.056719 0.015625
6 0.500938 0.261875 0.335625 0.218750
9 0.500234 0.553125 0.332344 0.351250
