2 0.365312 0.903958 0.041875 0.015417
3 0.406562 0.903750 0.026875 0.015000
4 0.447969 0.904167 0.042188 0.015000
0 0.496406 0.866250 0.303437 0.043333
2 0.381406 0.800000 0.073438 0.015000
3 0.440781 0.799792 0.034687 0.015417
4 0.482500 0.800417 0.036250 0.015000
0 0.437500 0.730208 0.187500 0.042917
1 0.603281 0.757292 0.103438 0.105417
2 0.365781 0.663750 0.040938 0.015000
3 0.411562 0.664167 0.036875 0.015833
4 0.450313 0.663958 0.028750 0.015417
1 0.500156 0.532083 0.309688 0.232500
0 0.497500 0.387917 0.305625 0.044167
2 0.370781 0.321875 0.052187 0.014583
3 0.426094 0.322708 0.045937 0.014583
4 0.473906 0.321667 0.039062 0.015000
1 0.395937 0.255000 0.104375 0.106667
1 0.499844 0.254792 0.104063 0.106250
1 0.603750 0.254792 0.103750 0.106250
0 0.494375 0.176042 0.300000 0.043750
6 0.500313 0.243333 0.335000 0.204167
6 0.499375 0.519167 0.335625 0.339167
9 0.500000 0.758125 0.334375 0.130417
6 0.499844 0.876667 0.332187 0.098333
