0 0.491000 0.177395 0.288657 0.049419
1 0.500522 0.322005 0.305765 0.227990
1 0.603118 0.548334 0.100781 0.100914
0 0.439918 0.536568 0.185388 0.071844
0 0.494595 0.660899 0.296745 0.049003
1 0.500885 0.806432 0.307321 0.229236
4 0.496496 0.935954 0.028617 0.014950
3 0.452719 0.936523 0.042303 0.014950
2 0.385769 0.937298 0.078074 0.017027
2 0.370175 0.590450 0.044170 0.014535
3 0.417742 0.590887 0.034527 0.015365
4 0.453521 0.591335 0.022396 0.014950
4 0.470343 0.451473 0.022085 0.014120
3 0.431101 0.452085 0.040126 0.014950
2 0.376216 0.451626 0.056612 0.014950
6 0.503114 0.549211 0.334382 0.140781
9 0.502337 0.381852 0.339048 -0.483804
