0 0.494882 0.196682 0.304182 0.052150
1 0.500763 0.349983 0.315846 0.237274
2 0.370560 0.485625 0.055864 0.015189
3 0.422433 0.485386 0.036833 0.015599
4 0.467196 0.485933 0.041438 0.015599
0 0.493859 0.558874 0.302954 0.052942
1 0.395072 0.646926 0.104361 0.107899
1 0.500909 0.647195 0.104361 0.107964
1 0.606446 0.647058 0.104361 0.107964
4 0.446221 0.717939 0.030081 0.015189
3 0.403812 0.717870 0.044507 0.014778
2 0.359663 0.718007 0.033150 0.014778
9 0.498326 0.336207 0.331500 0.344828
6 0.496484 0.627668 0.338867 0.229885